A	C	G	T	s1	s2	s3	s4	s5	s6	omega	tau	r0*t	r1*t	r2*t	ext.I	ext.D
0.262439588014968	0.237560411985032	0.237560411985032	0.262439588014968	1.016386697003	1.90213713271586	0.716217779463716	0.96940293300738	1.81071977942284	1.62188312690311	0.0764124967157841	0.0770739260935271	0.00464916739576406	0.0115466882976692	0.0104532827049661	0.593544954795361	0.73359712762747
0.23646146946121	0.26353853053879	0.26353853053879	0.23646146946121	0.730878121799656	1.21648431023008	1.02356992174091	1.45697999954301	1.56446003075021	1.96948596262365	0.206768187880516	0.0724676654142109	0.0101524699105381	0.00697988685081698	0.00385937089584655	0.72208684367347	0.384529106803657
0.29992364787031	0.20007635212969	0.20007635212969	0.29992364787031	0.435415128788826	2.1880970598823	1.56405040065184	0.381228710761656	2.27542093007182	0.834443050321893	0.0740274557843804	0.0800486092123205	0.00907576941531912	0.00600313220174463	0.00443788790388572	0.265737551504988	0.563001749398884
0.206589051359333	0.293410948640667	0.293410948640667	0.206589051359333	1.18916733076785	1.10590284551382	1.2045776626092	1.91233311099864	0.737951957754914	1.65154051061938	0.177283751815557	0.0775556085337463	0.00785927148386103	0.00612970673029383	0.00504108085900789	0.689236314586466	0.178261402535612
0.175171344541013	0.324828655458987	0.324828655458987	0.175171344541013	0.843929411507627	2.86300163082405	1.57550506774175	1.00405548983964	1.69336189067259	0.67545359166666	0.398012935891747	0.0656243948600765	0.0050898836337005	0.00863403265818382	0.00822461886839969	0.746318930575795	0.61629296592005
0.25437497284729	0.24562502715271	0.24562502715271	0.25437497284729	0.890238579615952	0.598822692430283	0.947855527318578	2.15254753197337	1.98573583208337	1.46752787664278	0.0551420380920172	0.0804853534111059	0.00473301547290713	0.00666374148433223	0.00596460510056817	0.680824208947576	0.687566449719398
0.355696442653425	0.144303557346575	0.144303557346575	0.355696442653425	0.487405864059047	1.17227148621931	1.88633629144893	1.50978323729556	1.71442315715938	1.10494872869715	0.309693588502705	0.0778234298051166	0.00578560912437861	0.00961225497274486	0.00636522265826979	0.642153419369038	0.212868686314421
0.314158456679434	0.185841543320566	0.185841543320566	0.314158456679434	0.880287022443687	1.31094154731136	0.74928252643838	1.55439538187263	2.59052836087302	1.59613503751651	0.219563340656459	0.0624282101684692	0.00520252585942133	0.0070623244226853	0.00500595781866289	0.68458313489713	0.543416377479091
0.36916073767934	0.13083926232066	0.13083926232066	0.36916073767934	1.2407331857513	1.32702896267498	1.77749757878604	0.85350514010024	1.56270304689244	0.90366636330172	0.238560822494328	0.0721815869301209	0.00760158983434608	0.0103361698524176	0.00383031090622925	0.498095897915543	0.712331148324502
0.372379126143642	0.127620873856358	0.127620873856358	0.372379126143642	1.37620611990071	1.67843340386471	1.82270568924118	0.38258880156751	1.12458149624404	0.892413217427542	0.0408833792060614	0.0822297833731972	0.00623600435402408	0.00847273477855752	0.00825912371992241	0.696473846809053	0.74917649416333
0.222244370216504	0.277755629783496	0.277755629783496	0.222244370216504	1.27227131426277	2.36997650776423	0.826488438373665	1.61361738311343	0.760823810888642	1.01879768506754	0.249057329744101	0.0779276708615641	0.0054429407591539	0.00655373809579399	0.00873858598909598	0.684188942465479	0.703405823826149
0.237408639118075	0.262591360881925	0.262591360881925	0.237408639118075	1.23735827347791	1.72086562956128	1.82277494325206	0.572033724366492	0.969125809167626	1.81231471431786	0.101469974964857	0.0530186661588735	0.0067389558174957	0.00366744076828957	0.00678908389882793	0.69171663725231	0.462499343799154
0.225433759880252	0.274566240119748	0.274566240119748	0.225433759880252	1.12480871551334	1.39691887908292	1.31929077406936	0.958360109964492	1.71679914168791	1.58903399275869	0.128879513591528	0.0680265446720057	0.00620564623312965	0.00671749098673871	0.00805105133842088	0.649461871974503	0.493935755633855
0.112339544761926	0.387660455238074	0.387660455238074	0.112339544761926	1.17630925912994	1.70346137629171	2.50661064808723	0.958297602211486	2.80981716720003	1.75830104486487	0.347160992510617	0.061112547924058	0.00881487122650989	0.00871343027221962	0.00811822098590296	0.160630904415291	0.462348886698389
0.277030408941209	0.222969591058791	0.222969591058791	0.277030408941209	1.39061280908967	1.41907559843876	1.4793912399816	1.83307281599222	0.49029144432485	1.48120714762794	0.407272965349257	0.0828364419351876	0.0114248522741626	0.0116212940428184	0.00837823477833442	0.736329463089303	0.447991780014494
0.356031130440533	0.143968869559467	0.143968869559467	0.356031130440533	1.08554007222407	1.41268210930746	0.643896654318531	1.77231438681436	2.41671722617754	2.53073717170816	0.227594186589122	0.0578087956619961	0.00772891860403951	0.00478001497322658	0.00655754223503167	0.578258883449566	0.573989258628985
0.351181243150495	0.148818756849505	0.148818756849505	0.351181243150495	0.679247853768362	2.29970282302119	1.55238736878825	0.528547584740759	2.26434674843894	0.436526939566424	0.473362846598029	0.0579804278773592	0.00457635876964446	0.003270974848296	0.00824701095107308	0.726155809753421	0.525424783113141
0.375701027130708	0.124298972869292	0.124298972869292	0.375701027130708	2.01052756392116	1.94737947805938	0.835981679282358	2.17923939846162	2.7199898553057	0.78111706536951	0.251334156952798	0.0558351165335139	0.00606036429404694	0.0043305387613095	0.00495638998931787	0.357964518972972	0.552227560439106
0.21958906557411	0.28041093442589	0.28041093442589	0.21958906557411	0.874976198961803	1.08864442728933	2.32465399988783	0.955297984801718	2.00853992868394	1.1076677562584	0.357310276068747	0.0793549700925702	0.0108736455596102	0.0113314242922614	0.00949214032700475	0.522378721767731	0.58728817689839
0.121794846188277	0.378205153811723	0.378205153811723	0.121794846188277	3.60180739779787	0.659529643724977	1.220757567339	1.11291031823897	0.901789899967654	1.84246313924794	0.282636233195663	0.0747870194845134	0.0104276757774667	0.00468314039342832	0.0104397868482784	0.306919402878104	0.749523661052976
0.310704038990662	0.189295961009338	0.189295961009338	0.310704038990662	1.48407570663792	0.905848930197889	2.22462266396676	0.874258404255504	0.688957028374931	1.23828657798477	0.0674034317210317	0.116570100225698	0.0112461936059971	0.0114981405610405	0.0169285483288722	0.686456382898316	0.647803254413494
0.205205009086058	0.294794990913942	0.294794990913942	0.205205009086058	1.76441812305444	2.00793807071217	1.85466811338896	1.10486097342676	0.636999410498378	0.977754752951859	0.222148366756737	0.0691103515958686	0.00908053593481305	0.00644109197771234	0.00450357129327378	0.656423775695406	0.357644039247349
0.132803709059954	0.367196290940046	0.367196290940046	0.132803709059954	1.20868997824471	0.970580716950237	2.19913636410468	1.2673653374296	2.63146723774252	1.14294244953912	0.0297526740282774	0.0535625893194583	0.00375587056074278	0.0078906922516683	0.00436374317406506	0.474257122459057	0.731632338890388
0.163316903612576	0.336683096387424	0.336683096387424	0.163316903612576	1.21891070796944	2.22851705797561	1.35267770691345	0.756980636374823	0.832956676706035	2.59614084657096	0.437196611464024	0.0588778499460181	0.00544593459008248	0.00626643073034745	0.00547693202089643	0.625140525997129	0.476017273933143
0.209613296645694	0.290386703354306	0.290386703354306	0.209613296645694	1.5517947993955	1.84355358931249	1.32720884796248	0.713479947825058	1.26116053057006	1.6114138834956	0.0247139927372336	0.0999613375152601	0.00951022239101538	0.00839505833085746	0.00681797452140126	0.719225698130767	0.709009808361562
0.232609218428843	0.267390781571157	0.267390781571157	0.232609218428843	0.387241634152826	1.32958413176514	1.09902840854847	1.9471618438188	1.82125208774907	1.3064364086434	0.219282545112073	0.0830751181579789	0.00573506462566284	0.00935981889186669	0.00895688836343139	0.744046352224381	0.310468357314659
0.114525423990563	0.385474576009437	0.385474576009437	0.114525423990563	1.93625248931016	1.13087298215303	1.30550273076535	1.15662033594135	2.82052317507465	1.15737154965949	0.198302380181849	0.0398863459227625	0.0037518291293447	0.0054271607811814	0.00580148634167961	0.730731406940613	0.292603302081959
0.126349038304761	0.373650961695239	0.373650961695239	0.126349038304761	0.73732435624104	1.50895986115671	2.10836386353786	1.74958040453594	0.889683691082016	1.56795294107379	0.378815165795386	0.0433306883002664	0.00289862863172924	0.00510918980375312	0.00399314289785407	0.646936162991272	0.684344306402672
0.307581629534252	0.192418370465748	0.192418370465748	0.307581629534252	0.452894005507506	1.42703659861327	0.576064098082616	0.968773035930122	3.72138725909451	1.31996991354819	0.335025892481208	0.0665497890378833	0.00717891910629925	0.00929509894472219	0.00628187826410777	0.62387883965641	0.663595821423148
0.257720553828403	0.242279446171597	0.242279446171597	0.257720553828403	1.05731896178151	0.95571878457858	0.868088021823976	0.731116964576108	1.3450567145927	3.03881623906598	0.0801491822302342	0.0773335985422525	0.0102788639624731	0.00804731420744204	0.00706167534867011	0.324993101117647	0.571266538500638
0.106187502341345	0.393812497658655	0.393812497658655	0.106187502341345	1.46908876946557	2.89103799903165	2.59559535098457	0.787054975377281	1.02380026491717	2.95386783210361	0.267856027036905	0.0462786803604871	0.0052755214500529	0.00662688288962236	0.00432716569887026	0.724933860473162	0.64916681301735
0.123214249755256	0.376785750244744	0.376785750244744	0.123214249755256	3.49485609567866	0.981658565075109	3.84435248226933	0.733984975201232	0.579301449209206	2.21249338796112	0.484086678214371	0.0607760160368854	0.00468143145395259	0.00629306557829582	0.00824435013984404	0.619438749255197	0.723063266820128
0.261465466907248	0.238534533092752	0.238534533092752	0.261465466907248	1.11765292606227	1.53149861277183	1.40974050317371	2.35260721053797	1.21930929552676	0.456858813183489	0.400737297162414	0.0583480916088068	0.00726845765894252	0.00566100934808389	0.00819280035949293	0.626561668954813	0.65501155407855
0.235464323894121	0.264535676105879	0.264535676105879	0.235464323894121	1.52750158006321	0.543306100775142	1.69589054851976	1.01670360354751	0.877615034338791	2.42696443331318	0.0920059931278229	0.0825115527772218	0.00914780763964582	0.00593342974627321	0.0050220629400335	0.434601349435843	0.664325201719848
0.17797296801582	0.32202703198418	0.32202703198418	0.17797296801582	3.21869040933336	0.776112641132198	0.269272020215079	1.11681533293717	1.81370736789056	0.746049766342794	0.0827466619387269	0.0707322101856253	0.0102102468170235	0.00490741484976171	0.00545103084865856	0.634714107228976	0.277988114737429
0.369679046352394	0.130320953647606	0.130320953647606	0.369679046352394	1.22892936195597	3.18697776784579	1.28101057288271	2.7365184235069	0.486995049904521	0.877001017379018	0.418956099189818	0.0789848199044561	0.00751708193806808	0.00465877787418168	0.00939921881042159	0.689683855092056	0.568993184634991
0.125113550177775	0.374886449822225	0.374886449822225	0.125113550177775	0.791001969181358	2.34105930953573	1.47317777257873	0.770499907907965	3.59204990482941	1.13574579840889	0.0370001995936036	0.0640403415487026	0.00843216250730546	0.00859685788674422	0.00910535384681639	0.196954706930298	0.673831960125105
0.137331079784781	0.362668920215219	0.362668920215219	0.137331079784781	1.62693181062865	1.8203855831531	1.03351316611964	1.07866386946008	1.63571070181514	1.71604747735588	0.113708887882531	0.0596375698379195	0.0052026489629291	0.00557649039231695	0.00715040511654581	0.679687250815145	0.494022002802758
0.10921145027969	0.39078854972031	0.39078854972031	0.10921145027969	1.58460956312779	1.98441211530972	2.93041561619551	1.31440877556594	0.689051066871623	1.9351429104056	0.301050257459283	0.0740598225662271	0.00750640097090479	0.00524714046488982	0.0040808621047046	0.71710088811976	0.255934648005177
0.259285412193276	0.240714587806724	0.240714587806724	0.259285412193276	1.93960585844589	1.22378982054326	1.00165666002687	1.89739744575549	1.32854609828422	0.678676323496187	0.430601679980755	0.0573819765904326	0.00324486321839092	0.00689229321712496	0.0077333063763781	0.557983776661471	0.745659408533061
0.156337015680037	0.343662984319963	0.343662984319963	0.156337015680037	1.2946123771749	2.4472459694898	1.31663775006913	1.6479696905781	0.59446347792162	0.748388739978971	0.08837377730757	0.0682372315344237	0.00847379344948746	0.00794451897380714	0.00620722229562133	0.403696076372866	0.713174374029293
0.193683537375182	0.306316462624818	0.306316462624818	0.193683537375182	1.07781609888682	0.615080222526688	2.44972069755245	2.2722226457921	1.04833351964558	0.543883818645594	0.231627167910337	0.0901045394206551	0.00933323973970817	0.00788059803104775	0.00721370345267586	0.726880121944855	0.423017148043088
0.179002838139422	0.320997161860578	0.320997161860578	0.179002838139422	0.283234185011471	2.2040815919715	2.34107705507617	1.46636945665524	1.09787601302837	1.18154182915886	0.231857171021402	0.0507119408360026	0.00501136935481262	0.0029912460635074	0.00731772504651226	0.17409388937685	0.727124345172704
0.183972004172392	0.316027995827608	0.316027995827608	0.183972004172392	1.74641831397529	2.0339942011328	1.38458696452267	0.502932742487413	1.30669748236231	1.84281486183546	0.295919337458909	0.0752300971976814	0.00663350994357327	0.0107720733616425	0.00843705451185253	0.472172598495315	0.267895496024288
0.298527680523694	0.201472319476306	0.201472319476306	0.298527680523694	1.29956598469548	2.47931134938384	1.39890258009738	0.944177171513405	0.63795807686671	1.18638960619787	0.372298576161265	0.0765036159559668	0.00726695113807084	0.00911585654585108	0.00879611900264636	0.418441419512199	0.722933568769569
0.353345412691124	0.146654587308876	0.146654587308876	0.353345412691124	1.02942360553298	3.28921740545041	0.883891070821062	0.937351451482903	1.52152129204741	1.29000695857594	0.0657842126488686	0.0831769742475484	0.00727110853843647	0.00439139429728353	0.00722818225226356	0.7029500719414	0.686688974282391
0.336391850397922	0.163608149602078	0.163608149602078	0.336391850397922	0.474731262226647	1.81682718655299	1.82725995596842	0.697688967475887	1.15223804401522	1.54476563817856	0.343166148066521	0.0889437777855435	0.00723437601940872	0.0133201005604026	0.00910707041989922	0.581830074279647	0.493249300618409
0.183588139829226	0.316411860170774	0.316411860170774	0.183588139829226	2.06987733236892	1.42984510854649	2.22886578993011	0.518963485689645	1.73454356125012	1.18548962953513	0.259435229487717	0.0607757346705694	0.00497330498606234	0.00845032083035234	0.00417952141835182	0.493076640526804	0.698133107728931
0.13345051552169	0.36654948447831	0.36654948447831	0.13345051552169	1.18240499376622	1.95600679258607	2.9885054393364	1.01292441361834	1.14292981693749	2.069978509118	0.256808683127165	0.0524524462167871	0.0068022452992055	0.00736341446045986	0.00350403089250776	0.436241350994405	0.303328294720896
0.387711321865209	0.112288678134791	0.112288678134791	0.387711321865209	0.806676804145807	1.49773475514274	1.43421831151432	1.08053331995582	2.1811079084015	1.73431174188451	0.429205462224782	0.0620659832949591	0.00744707896066857	0.00810381579090514	0.00424811537583006	0.174226265787643	0.255940792857633
0.28090810617432	0.21909189382568	0.21909189382568	0.28090810617432	1.45210457692853	1.74751617403713	0.594471288745466	1.56306802151726	1.90919826084332	1.03405738666612	0.332551727108657	0.0606349867892753	0.00711981675228688	0.00306786390999879	0.00753123654328078	0.680036797320902	0.439121537211117
0.114063937356696	0.385936062643304	0.385936062643304	0.114063937356696	1.56648465777119	1.78761065766733	2.06630330156088	1.32145347238208	1.90845009252998	1.01372508189669	0.179422720298171	0.0520476697108007	0.00461341183278042	0.00313661231950306	0.0039303352209774	0.682027446042852	0.657742615786317
0.373050735844299	0.126949264155701	0.126949264155701	0.373050735844299	1.44330355549544	2.09054065209555	0.762330866831906	0.777560169653918	1.41061207772891	3.10853170378371	0.425450279861689	0.0465347320329933	0.00386435393225376	0.0063673820506912	0.00362812992431752	0.354277055802119	0.362773013491035
0.347006874112412	0.152993125887588	0.152993125887588	0.347006874112412	0.540106540539492	1.95703092387484	1.76848882634421	1.95560424128574	0.552434092989685	1.49509753324052	0.490033896900713	0.0766895502279033	0.0109230022358707	0.00474526970576184	0.00496008879756277	0.723076712076981	0.649344555296126
0.304462361405604	0.195537638594396	0.195537638594396	0.304462361405604	1.71976549469833	1.06572186552601	1.15903035369106	1.24791496488932	0.69005057597818	2.31691435122857	0.403224312774837	0.0574514976095001	0.00679729698448989	0.00821454935997648	0.00571326644105922	0.670059561780407	0.260650346961075
0.123717295611277	0.376282704388723	0.376282704388723	0.123717295611277	1.45306472715135	1.13473402030204	1.46483818937456	1.56242743583578	1.34280020402181	1.57622066305755	0.476326610334218	0.0751306605052599	0.00647923234725544	0.00803144531454817	0.00523080595041259	0.155690593619534	0.609514184302244
0.125419259280898	0.374580740719102	0.374580740719102	0.125419259280898	1.063205472533	2.00758732475576	1.28489211996726	1.18631907717801	0.896173816235931	2.70263256024644	0.0358520308509469	0.0485753599536834	0.00474104484797302	0.00681383592981681	0.00294188350894371	0.614344017208295	0.648750028669038
0.14726352901198	0.35273647098802	0.35273647098802	0.14726352901198	2.65259059503094	1.03628963690695	1.68388733193209	0.902260686568843	2.17778731887305	0.894692154001949	0.34099665760994	0.0661973305982948	0.00595298828574792	0.00347582582381633	0.00772962605856806	0.511013801182172	0.308401426475113
0.128664809372276	0.371335190627724	0.371335190627724	0.128664809372276	2.19645283035684	2.06462035989652	0.596196678434648	1.20570059113305	0.5457001944021	1.97203463324885	0.297687941938639	0.106635317285129	0.0120985114942232	0.00877646642436932	0.00779574797385948	0.634869181835252	0.665558934812916
0.184329225099646	0.315670774900354	0.315670774900354	0.184329225099646	1.69619187851755	1.66788265626904	2.45300571886719	0.708735442182764	1.13132427073566	1.45141758415151	0.395680025368929	0.0818078871361402	0.0121306681659274	0.00607458031410134	0.00790698502651137	0.671587126987441	0.348540894301348
0.204004281200469	0.295995718799531	0.295995718799531	0.204004281200469	1.28197670396622	4.07119781663298	1.78750139691453	0.295806869908258	0.638821088424561	0.627124482248622	0.0681904991343617	0.0712227252323051	0.00734212272618833	0.00509445051740059	0.00427454191061106	0.547431583125017	0.360397321758907
0.27877044538036	0.22122955461964	0.22122955461964	0.27877044538036	1.42081854722139	1.31149963161429	0.557302814521127	2.74806077159192	1.14284721154189	1.34911749564091	0.444417290352285	0.0851717777371397	0.0104201518992926	0.00918522791933788	0.00573261338357225	0.317145503872136	0.713925249016241
0.278416104684584	0.221583895315416	0.221583895315416	0.278416104684584	1.4865149779281	0.627985824199371	1.07244578012159	0.858834345028818	2.98892636257219	0.970250794354366	0.248192844726145	0.0553911247859741	0.00374398708602851	0.00790128158728025	0.00612282463695804	0.70605175574942	0.727977020144164
0.16334924811963	0.33665075188037	0.33665075188037	0.16334924811963	1.23638668616747	1.43092393286685	1.73463688542674	1.05807970196201	2.08054545492413	1.32213133683903	0.243300131931901	0.0651242029734855	0.00464917092998858	0.00415228034038568	0.00826037016245549	0.737594417964259	0.442204708504982
0.211201718635857	0.288798281364143	0.288798281364143	0.211201718635857	2.17936772682033	1.35032691176136	1.16846803712832	0.985646104641757	2.03196883363595	0.433478597536217	0.0862110197544098	0.0847973876827661	0.00439213717908143	0.00466138154713106	0.0111133438120866	0.744797348997104	0.551275414781174
0.163949471455999	0.336050528544001	0.336050528544001	0.163949471455999	2.01429582061367	0.366390435081444	2.27085352350095	1.28968400048385	2.3302210566485	0.612899964203074	0.0988577300310135	0.0443724486709774	0.00237511994658703	0.00225729903641131	0.00446441648869924	0.625104248833264	0.710614076510972
0.116961122211069	0.383038877788931	0.383038877788931	0.116961122211069	1.40989821060902	0.565000267622167	0.910067825183276	1.88259646047879	0.947833330725419	1.79456731342245	0.286547286994755	0.0898897269539979	0.00541946417926871	0.00907256907857767	0.00630448842072069	0.590725711343652	0.650170992008733
0.313899588026106	0.186100411973894	0.186100411973894	0.313899588026106	0.879512417997301	1.62473358109123	0.852675590319469	1.02449743236835	1.68409383093544	2.32521941858036	0.347208772040904	0.0759060070945641	0.00714202426237799	0.00469733244641173	0.00817320345384839	0.712260007762121	0.592205768323969
0.213040636875667	0.286959363124333	0.286959363124333	0.213040636875667	0.601871936676217	1.52390919592242	1.34169403718239	2.36644634831653	0.341060386196344	1.52829716308182	0.200986389294267	0.0547159390154907	0.00796193114827908	0.0038547177840335	0.00551271550408942	0.681489768150652	0.697520150442979
0.275865146354772	0.224134853645228	0.224134853645228	0.275865146354772	1.65085339916896	0.560993465163959	2.15993761366765	1.51184903602285	0.50099614285979	1.48691858860874	0.063140762783587	0.0915782086684299	0.00661051583082442	0.0123987644752322	0.0122328334443906	0.60065274114867	0.25591158262885
0.172183141368441	0.327816858631559	0.327816858631559	0.172183141368441	1.62796704971665	1.02305322291986	2.19620591188348	0.822720304817314	1.72120015140525	1.76612888388255	0.339650102294981	0.068349203038937	0.00979215580427956	0.00805072992593575	0.00902221275299749	0.59516469680479	0.606320456700677
0.386191063607112	0.113808936392888	0.113808936392888	0.386191063607112	1.14573004298493	2.39847664868488	1.26633198705378	0.944641536294546	1.47502447757591	1.78135497492027	0.277793415747583	0.0454548317596418	0.00502309515384768	0.00435286657079472	0.006523873293233	0.639418395814634	0.654987960431853
0.246502352086827	0.253497647913173	0.253497647913173	0.246502352086827	1.02709097700447	0.637301396063212	1.80580428548835	2.43302762855683	0.985245638425815	1.09388267256227	0.458699965514243	0.0894639834632832	0.00659836092351847	0.00710709892721232	0.00570908191491022	0.448769845030993	0.74910628847529
0.26250725176651	0.23749274823349	0.23749274823349	0.26250725176651	1.03598521736835	1.5012386500993	0.618209289233333	1.20275582614565	2.3471329169084	1.36424861361359	0.0563582117855549	0.070867937166916	0.00470935562002221	0.00876523118733537	0.00395118538965347	0.594899899764179	0.728169160711773
0.243589457799681	0.256410542200319	0.256410542200319	0.243589457799681	1.56948609640418	0.955373343575198	0.669963374613778	1.34717974545915	2.4995544477408	0.926298803107453	0.130083832144737	0.069153941318861	0.00825957470649422	0.00568933587881221	0.00786482881036594	0.735518769733663	0.600032353969147
0.284804463549517	0.215195536450483	0.215195536450483	0.284804463549517	1.17281909719795	1.00110322481809	1.47124128849729	1.18173705928831	1.66323347343396	1.4809112539224	0.259942627437413	0.0713917814189015	0.0069058780385605	0.00959587568008315	0.00997450720299306	0.435571271354912	0.504663791907587
0.211877845064737	0.288122154935263	0.288122154935263	0.211877845064737	1.03302440303092	1.40832509638794	1.94282883724355	1.5937534011568	1.33884475681422	0.814282557151984	0.194455584399402	0.076068653569883	0.00398158453342215	0.00981787406763786	0.0100867393682286	0.677466760154751	0.501119031028245
0.2978227725951	0.2021772274049	0.2021772274049	0.2978227725951	1.14915174511616	0.8363037862558	1.61012607178721	1.09423412166735	1.33567804361594	1.86806091988299	0.485139665193856	0.0655337487073628	0.00665587219649003	0.0072682539668463	0.00750796146852061	0.34169961979419	0.642405236289855
0.356121728965081	0.143878271034919	0.143878271034919	0.356121728965081	1.22351523316426	1.68357805561987	0.298073161412771	2.59684036265934	1.45168985406994	3.61262590330435	0.293337981514633	0.0326197807035289	0.00473520211205482	0.0032654433032579	0.00361844605330029	0.668394227852426	0.690478995924508
0.121031643240713	0.378968356759287	0.378968356759287	0.121031643240713	1.38935123927894	1.41518740766686	1.1125248355059	2.31684761995558	0.163968523007128	0.322829231304698	0.155707171335816	0.111445179556231	0.00574817094927596	0.00813836836028191	0.0164936774707473	0.349329519690321	0.469624713774232
0.204885911918245	0.295114088081755	0.295114088081755	0.204885911918245	1.64530296523324	1.34070361367109	0.836317579870144	1.70502368057777	0.78855486485611	1.45821547058615	0.168401460982859	0.080182244414743	0.00677130513353529	0.00493242565709043	0.00508475302366955	0.632748514551799	0.703454314885045
0.365403498103842	0.134596501896158	0.134596501896158	0.365403498103842	0.989281180899177	0.550548917975181	2.26276045768565	1.19394956316253	0.739686495010665	1.30404848034749	0.430252538062632	0.0889469048515061	0.00848326687555028	0.00791251975624855	0.00901841055163277	0.627650269991134	0.677072412865353
0.148663688427769	0.351336311572231	0.351336311572231	0.148663688427769	0.427668800622815	1.19500188696945	0.933495105821799	1.81685526925021	1.48543057733189	1.77600253727376	0.481540199927986	0.108997628099004	0.0150036473068706	0.013383336555355	0.00708729636199942	0.67261391265081	0.493516797741165
0.311076019681059	0.188923980318941	0.188923980318941	0.311076019681059	1.22554632293484	2.09950431151289	1.78501625185941	0.887720992577255	1.44090733438054	0.263541115072771	0.449442444257438	0.0960822765527273	0.0107473830329048	0.0120855909455091	0.00699590978466007	0.685826170324263	0.476960089726582
0.205116852140054	0.294883147859946	0.294883147859946	0.205116852140054	1.13308177652695	1.63993447645921	0.932012908462158	1.46603582599166	1.25349312046204	1.48401398637815	0.144554532170296	0.0611125762698757	0.00758492411590867	0.00875952367810551	0.00399123346868741	0.620236003080362	0.55066442080199
0.169316247943789	0.330683752056211	0.330683752056211	0.169316247943789	1.69664461820842	0.814552832453128	0.829418962294421	0.392987979489201	3.60330101873626	1.62344188595141	0.448434640206397	0.0654580776683816	0.00336786627203837	0.00354762340903928	0.00500471994042114	0.686398362611062	0.61092670205025
0.189673701045103	0.310326298954897	0.310326298954897	0.189673701045103	1.47146732225799	1.55794250553684	1.80241684281953	0.828481932573931	0.964604746884389	2.04347754876509	0.174849288836122	0.0704791054992759	0.00384237628738006	0.0068689029513938	0.00576345697956348	0.660701977686612	0.678569503503219
0.32284114905633	0.17715885094367	0.17715885094367	0.32284114905633	1.27205396091392	1.7212811185918	0.859561502925343	1.60847236677738	0.719114891094654	2.58065106378626	0.134991226792335	0.0642367657218761	0.00795971865375049	0.00666410460570528	0.00929773162317907	0.70606201818107	0.562175704742827
0.379629697930068	0.120370302069932	0.120370302069932	0.379629697930068	0.642212731849867	1.20241203675276	1.17988923240289	3.23592009754641	2.8723039279251	1.47769961532721	0.316661924608052	0.0690207724005981	0.00595296668475951	0.00753560458965302	0.00944621028736376	0.682848393500724	0.678092484698464
0.107113130157813	0.392886869842187	0.392886869842187	0.107113130157813	0.915273188861454	2.82006613926433	1.26548568518614	0.75008247602257	1.85202435993935	3.19753739809101	0.30706101320684	0.0612372816117534	0.00650485749222011	0.0040998263731525	0.00465160175780255	0.58296277529537	0.34666074417719
0.168590308981948	0.331409691018052	0.331409691018052	0.168590308981948	1.27595359810551	2.61240847905767	0.904851927588665	1.18928393955064	1.72420765565527	0.538220281003499	0.473878813423216	0.0691632001844984	0.00439763673238061	0.010308442593089	0.00928680024009309	0.410180082943236	0.72273160756305
0.288239162950777	0.211760837049223	0.211760837049223	0.288239162950777	2.75449702252535	2.00011509790225	0.566196128841159	1.02151510106319	1.25374776166463	0.662132430101735	0.463859380744398	0.0669780929816741	0.00431447494996723	0.0093426905857614	0.00751998747517145	0.733205348122762	0.709452685409178
0.289270242652856	0.210729757347144	0.210729757347144	0.289270242652856	0.965767966566341	0.946467134975874	0.89362159296725	1.30356930796986	1.64875847088373	2.46508102440001	0.458920442648232	0.0786855935313726	0.00782357052705126	0.010256664446914	0.00655305696797214	0.54757216207499	0.407779764104068
0.223454186040908	0.276545813959092	0.276545813959092	0.223454186040908	1.53120371916276	0.953391365776343	1.02825759942964	0.657686945361547	2.29267651221943	1.66915453197376	0.410779718160629	0.0691731862983866	0.00544877710446568	0.00961429721827545	0.00723084447056405	0.629181766703837	0.713858400253367
0.228974010492675	0.271025989507325	0.271025989507325	0.228974010492675	1.07261177922219	1.65099380421542	1.21674628539843	1.62624453662876	1.25898895747955	1.12152784891298	0.0594336149841547	0.0681546776866645	0.00933245079986502	0.0090140473034114	0.0045873198992469	0.731668911061195	0.727570489551538
0.137852092599496	0.362147907400504	0.362147907400504	0.137852092599496	1.72201268724075	1.44955388252391	0.876227845933085	1.36151125431063	1.35595796922557	1.57759924017833	0.14520930275321	0.0823250280795222	0.00807199761356079	0.0112033923540064	0.00462880035678128	0.421089202081588	0.538287862168977
0.170355981891044	0.329644018108956	0.329644018108956	0.170355981891044	1.72796238529074	1.10161632713303	0.98825710549994	1.34885851767466	1.4219861803707	1.53127003282264	0.25069333396852	0.0782235637778677	0.00587900812399326	0.00917502755652396	0.00883067430527306	0.620653336582955	0.718799260249701
0.389245862257667	0.110754137742333	0.110754137742333	0.389245862257667	0.537314767729127	1.41052609268017	2.03875008127293	0.53202632179333	1.23787421084119	1.09578775302602	0.269690529480577	0.132316271154552	0.019273598189555	0.00757431116594556	0.0110949282691555	0.663412923415235	0.697074882266081
0.215405365871266	0.284594634128734	0.284594634128734	0.215405365871266	1.3029232863361	2.51148389649238	0.45863270304493	1.18756661096344	1.25143067461544	1.17419070141118	0.234359893873334	0.0604003744637423	0.00695795927688812	0.00761123830263175	0.00828510808672697	0.722821115715835	0.587782610647589
0.115016413107514	0.384983586892486	0.384983586892486	0.115016413107514	0.509737266098069	2.29223855191786	1.25101317976529	1.84188874338032	0.430621682996262	1.52039819495617	0.176907892413437	0.081900671680053	0.00878440362714212	0.00476772165622308	0.00431030931001493	0.242797689104544	0.644364819109312
